000000000000000000000000000000000000010001000000010100000000000000000000000000000000000000000000
000000000000000000000000000000000000010001000000010100000000000000000000000000000000000000000000
000000000000000000000000000000000000010001001110010100111000000000000000000000000000000000000000
000000000000000000000000000000000000011111010001010101000100000000000000000000000000000000000000
000000000000000000000000000000000000010001011111010101000100000000000000000000000000000000000000
000000000000000000000000000000000000010001010000010101000100000000000000000000000000000000000000
000000000000000000000000000000000000010001001110010100111000000000000000000000000000000000000000
000000000000000000000000000000000000100010000000000001000001000000000000000000000000000000000000
000000000000000000000000000000000000100010000000000001000001000000000000000000000000000000000000
000000000000000000000000000000000000100010011100111001001111000000000000000000000000000000000000
000000000000000000000000000000000000101010100010100101010001000000000000000000000000000000000000
000000000000000000000000000000000000101010100010100001010001000000000000000000000000000000000000
000000000000000000000000000000000000110110100010100001010001000000000000000000000000000000000000
000000000000000000000000000000000000100010011100100001001111000000000000000000000000000000000000